NODES
1 146 608 2
2 105 569 0
3 105 529 4
4 239 573 0
5 239 523 6
6 363 569 0
7 363 519 10
8 303 448.714 21
9 423 448.714 16
10 363 483 0
11 174 287 0
12 174 237 13
13 235 200 0
14 235 150 15
15 96 135 10
16 423 382 0
17 423 342 18
18 424 314 0
19 174 345.714 11
20 294 345.714 13
21 234 380 0
BLOCKS
START 146 633 110 50 $  $ 1 
INPUT 105 549 100 40 $ n $ 2 3 
CALCUL 239 548 110 50 $ i = 1  $ 4 5 
CALCUL 363 544 110 50 $ s = 0  $ 6 7 
DECIZIE 363 463 120 50 $ i < n  $ 8 9 10 
CALCUL 174 262 110 50 $ s = s + i  $ 11 12 
CALCUL 235 175 110 50 $ i = i + 1  $ 13 14 
OUTPUT 423 362 100 40 $ s  $ 16 17 
STOP 424 289 110 50 $  $ 18 
DECIZIE 234 360 120 50 $ i % 2 == 0 $ 19 20 21 
