NODES
1 146 608 2
2 105 569 0
3 105 529 4
4 239 573 0
5 239 523 6
6 363 569 0
7 363 519 10
8 303 448.714 11
9 423 448.714 16
10 363 483 0
11 256 400 0
12 256 350 13
13 256 322 0
14 256 272 15
15 96 257 10
16 423 382 0
17 423 342 18
18 424 314 0
BLOCKS
START 146 633 110 50 $  $ 1 
INPUT 105 549 100 40 $ n $ 2 3 
CALCUL 239 548 110 50 $ i = 1 $ 4 5 
CALCUL 363 544 110 50 $ s = 0 $ 6 7 
DECIZIE 363 463 120 50 $ i < n $ 8 9 10 
CALCUL 256 375 110 50 $ s = s + i $ 11 12 
CALCUL 256 297 110 50 $ i = i + 1 $ 13 14 
OUTPUT 423 362 100 40 $ s $ 16 17 
STOP 424 289 110 50 $  $ 18 
