NODES
1 366 607 2
2 291 578 0
3 291 538 4
4 288 505 0
5 288 455 8
6 229 374.714 9
7 349 374.714 14
8 289 409 0
9 204 316 0
10 204 266 11
11 200 228 0
12 200 178 13
13 49 163 8
14 397 311 0
15 397 271 16
16 406 231 0
BLOCKS
START 366 632 110 50 $  $ 1 
INPUT 291 558 100 40 $ n $ 2 3 
CALCUL 288 480 110 50 $ s = 0 $ 4 5 
DECIZIE 289 389 120 50 $ n != 0 $ 6 7 8 
CALCUL 204 291 157 50 $ s = s + ( n % 10 ) $ 9 10 
CALCUL 200 203 110 50 $ n = n / 10 $ 11 12 
OUTPUT 397 291 100 40 $ s $ 14 15 
STOP 406 206 110 50 $  $ 16 
