NODES
1 94 597 5
2 467 577.714 32
3 587 577.714 28
4 527 612 0
5 115 550 0
6 115 510 7
7 115 459 0
8 115 419 9
9 313 639 0
10 313 589 11
11 307 551 0
12 307 501 4
13 443 408.714 16
14 563 408.714 22
15 503 443 0
16 445 340 0
17 445 300 18
18 457 238 0
19 457 188 20
20 316 189 21
21 324 437 15
22 581 358 0
23 581 308 24
24 603 237 0
25 603 197 31
26 936 197 27
27 933 634 4
28 641 475 0
29 923 198 30
30 917 625 4
31 898 483 4
32 504 531 0
33 504 481 15
BLOCKS
START 94 622 110 50 $  $ 1 
DECIZIE 527 592 120 50 $ i < x  $ 2 3 4 
INPUT 115 530 100 40 $ x $ 5 6 
INPUT 115 439 100 40 $ y $ 7 8 
CALCUL 313 614 110 50 $ i = 0  $ 9 10 
CALCUL 307 526 110 50 $ j = 0  $ 11 12 
DECIZIE 503 423 120 50 $ j < y  $ 13 14 15 
OUTPUT 445 320 100 40 $ 0  $ 16 17 
CALCUL 457 213 110 50 $ j = j + 1  $ 18 19 
CALCUL 581 333 110 50 $ i = i + 1  $ 22 23 
OUTPUT 603 217 100 40 $ #\n#  $ 24 25 
STOP 641 450 110 50 $  $ 28 
CALCUL 504 506 110 50 $ j = 0 $ 32 33 
