NODES
1 479 615 5
2 414 451.714 9
3 534 451.714 14
4 474 486 0
5 477 565 0
6 477 525 4
7 276 350.714 10
8 396 350.714 12
9 336 385 0
10 250 274 0
11 250 234 16
12 421 274 0
13 421 234 16
14 613 376 0
15 613 336 16
16 478 121 0
BLOCKS
START 479 640 110 50 $  $ 1 
DECIZIE 474 466 120 50 $ x >= 0 $ 2 3 4 
INPUT 477 545 100 40 $ x $ 5 6 
DECIZIE 336 365 120 50 $ x % 2 == 0 $ 7 8 9 
OUTPUT 250 254 100 40 $ # par # $ 10 11 
OUTPUT 421 254 100 40 $ # inpar # $ 12 13 
OUTPUT 613 356 118 40 $ # Negativ # $ 14 15 
STOP 478 96 110 50 $  $ 16 
