NODES
1 120 605 2
2 121 568 0
3 121 528 4
4 122 492 0
5 122 442 6
6 124 403 0
7 124 353 10
8 386 585.714 13
9 506 585.714 19
10 446 620 0
11 325 480.714 14
12 445 480.714 16
13 385 515 0
14 319 412 0
15 319 362 16
16 399 288 0
17 399 238 18
18 206 422 10
19 583 486 0
20 583 446 21
21 544 388 0
BLOCKS
START 120 630 110 50 $  $ 1 
INPUT 121 548 100 40 $ n $ 2 3 
CALCUL 122 467 110 50 $ count = 0  $ 4 5 
CALCUL 124 378 110 50 $ i = 1  $ 6 7 
DECIZIE 446 600 120 50 $ i <= n  $ 8 9 10 
DECIZIE 385 495 120 50 $ n % i == 0  $ 11 12 13 
CALCUL 319 387 166 50 $ count = count + 1  $ 14 15 
CALCUL 399 263 110 50 $ i = i + 1  $ 16 17 
OUTPUT 583 466 100 40 $ count  $ 19 20 
STOP 544 363 110 50 $  $ 21 
