NODES
1 396 608 2
2 394 573 0
3 394 533 4
4 394 488 0
5 394 438 8
6 330 333 9
7 450 333 15
8 390 383 0
9 329 281 0
10 329 231 11
11 325 189 0
12 325 139 17
13 185 378 8
14 501 145 0
15 490 270 0
16 490 230 14
17 165 137 18
18 159 293 19
19 237 391 8
BLOCKS
START 396 633 110 50 $  $ 1 
INPUT 394 553 100 40 $ N $ 2 3 
CALCUL 394 463 110 50 $ i = 0  $ 4 5 
DECIZIE 390 358 120 50 $ i < N  $ 6 7 8 
CALCUL 329 256 110 50 $ i = i + 1  $ 9 10 
CALCUL 325 164 110 50 $ S = S + i  $ 11 12 
STOP 501 120 110 50 $  $ 14 
OUTPUT 490 250 100 40 $ S $ 15 16 
